[{"name":"app.R","content":"#\r\n# This is a Shiny web application. You can run the application by clicking\r\n# the 'Run App' button above.\r\n#\r\n# Find out more about building applications with Shiny here:\r\n#\r\n#    https://shiny.posit.co/\r\n#\r\n\r\nlibrary(tidyverse)\r\nlibrary(tidytext)\r\nlibrary(shiny)\r\n\r\n# Trash Proportions Precomputed with:\r\n#######################################\r\n#trashwheel <- readr::read_csv('https://raw.githubusercontent.com/rfordatascience/tidytuesday/main/data/2024/2024-03-05/trashwheel.csv') %>% mutate(across(where(is.numeric), ~ replace_na(.x, 0)))\r\n#trash.prop <- trashwheel %>% \r\n#  select(Name, Date, Dumpster, PlasticBottles, Polystyrene, CigaretteButts, GlassBottles, PlasticBags, Wrappers, SportsBalls) %>% \r\n#  mutate(total = PlasticBottles + Polystyrene + CigaretteButts + GlassBottles + PlasticBags + Wrappers + SportsBalls) %>% \r\n#  mutate(PlasticBottles = PlasticBottles / total, Polystyrene = Polystyrene / total, CigaretteButts = CigaretteButts / total, GlassBottles = GlassBottles / total, PlasticBags = PlasticBags / total, Wrappers = Wrappers / total, SportsBalls = SportsBalls / total) %>% \r\n#  select(Name, PlasticBottles, Polystyrene, CigaretteButts, GlassBottles, PlasticBags, Wrappers, SportsBalls) %>% \r\n#  na.omit()\r\n\r\ntrash.prop <- readr::read_csv(\"trash_prop.csv\")\r\n\r\npca_data <- trash.prop %>%\r\n  select(-Name)\r\n\r\npca_model <- prcomp(pca_data, center = TRUE, scale. = TRUE)\r\n\r\npca_scores <- as.data.frame(pca_model$x) %>%\r\n  mutate(Name = trash.prop$Name)\r\n\r\npca_loadings <- as.data.frame(pca_model$rotation) %>%\r\n  tibble::rownames_to_column(\"terms\") %>%\r\n  pivot_longer(-terms, names_to = \"component\", values_to = \"value\")\r\n\r\npca1 <- pca_scores %>%\r\n  ggplot(aes(PC1, PC2)) +\r\n  geom_point(aes(color = Name), alpha = 0.7, size = 2) +\r\n  labs(color = NULL,\r\n       title = \"PCA Analysis\") +\r\n  theme(axis.ticks = element_blank(),\r\n        axis.text = element_blank())\r\n\r\n\r\npca2 <- pca_loadings %>%\r\n  filter(component %in% c(\"PC1\", \"PC2\")) %>%\r\n  group_by(component) %>%\r\n  slice_max(order_by = abs(value), n = 8) %>%\r\n  ungroup() %>%\r\n  mutate(terms = tidytext::reorder_within(terms, abs(value), component)) %>%\r\n  ggplot(aes(abs(value), terms, fill = value > 0)) +\r\n  geom_col() +\r\n  facet_wrap(~component, scales = \"free_y\") +\r\n  tidytext::scale_y_reordered() +\r\n  labs(\r\n    x = \"Absolute value of contribution\",\r\n    y = NULL,\r\n    fill = \"Positive?\",\r\n    title = \"Principal Components Analysis\"\r\n  )\r\n\r\n#UMAP Data Precomputed with this code:\r\n######################################\r\n#library(uwot)\r\n#\r\n#umap_coords <- umap(\r\n#  trash.prop %>% select(-Name),\r\n#  scale = TRUE\r\n#)\r\n#\r\n#umap_df <- trash.prop %>%\r\n#  mutate(\r\n#    UMAP1 = umap_coords[,1],\r\n#    UMAP2 = umap_coords[,2]\r\n#  )\r\n\r\ntrash_umap <- readr::read_csv(\"trash_umap_precomputed.csv\")\r\n\r\numap1 <- trash_umap %>%\r\n  ggplot(aes(UMAP1, UMAP2)) +\r\n  geom_point(aes(color = Name), alpha = 0.7, size = 2) +\r\n  labs(title = \"UMAP Analysis\", color = NULL) +\r\n  theme(\r\n    axis.text = element_blank(),\r\n    axis.ticks = element_blank(),\r\n    axis.title = element_blank()\r\n  )\r\n\r\nui <- fluidPage(\r\n  textOutput(\"text_overall\"),\r\n  br(),\r\n  plotOutput(\"plot_umap\"),\r\n  textOutput(\"text_umap\"),\r\n  br(),\r\n  plotOutput(\"plot_pca\"),\r\n  textOutput(\"text_pca\"),\r\n  br(),\r\n  plotOutput(\"plot_pca_bar\"),\r\n  textOutput(\"text_pca_bar\")\r\n  \r\n)\r\n\r\nserver <- function(input, output, session) {\r\n  output$text_overall <- renderText(\"In this app, we will explore whether or not the proportion of trash picked up by 4 different \\\"Mr. Trash Wheels\\\" can point us to which one is picking up the trash.\")\r\n  output$plot_umap <- renderPlot(umap1)\r\n  output$text_umap <- renderText(\"This UMAP plot shows that there seems to be a connection between the specific trash collector and the proportion of trash that they deposit. There does seem to be some overlap, but overall--especially for the 'Mister Trash Wheel' trash collector--we can see clear clusters in the data.\")\r\n  output$plot_pca <- renderPlot(pca1)\r\n  output$text_pca <- renderText(\"We can also run a PCA analysis on the data to see if we can find similar clustering and use the PCs to determine specific trash proportions that could be leading to the clusters. From this graph, we can see that there is some level of clustering, though much less than the UMAP graph, but we can still see the clustors, and it also helps to show the areas that were overlaping. By looking at the specific PCs, we can look as to what may be causing overlaps.\")\r\n  output$plot_pca_bar <- renderPlot(pca2)\r\n  output$text_pca_bar <- renderText(\"From the PCs that we are graphing, we can see that the biggest difference in the PCs is the fact that PC1 favors the Plastic Bottle proportion, while the second favors Plastic Bags. The next big difference is the Glass Bottle and Sports Ball proportions are oppositely affecting the data. From this, we can conclude some differences that are causing the clustering.\")\r\n  \r\n}\r\n\r\nshinyApp(ui, server)\r\n","type":"text"},{"name":"trash_prop.csv","content":"Name,PlasticBottles,Polystyrene,CigaretteButts,GlassBottles,PlasticBags,Wrappers,SportsBalls\nMister Trash Wheel,0.011060681185399901,0.013883061901674359,0.9611350547313017,5.492200312750296e-4,0.004454784698119684,0.008863801060299782,5.339639192951676e-5\nMister Trash Wheel,0.011843454904987998,0.010891748707265747,0.9622807110302748,4.4412955893704994e-4,0.0052449586007803995,0.009242124631213848,5.287256654012499e-5\nMister Trash Wheel,0.021544522415096995,0.027260416117061502,0.9233366749327283,4.396841309203468e-4,0.009497177227879492,0.017868763080602895,5.276209571044162e-5\nMister Trash Wheel,0.022029897718332022,0.0252695885592632,0.9256259545517657,4.813254963669181e-4,0.00829360855278382,0.018244087564215302,5.553755727310594e-5\nMister Trash Wheel,0.007964242177976432,0.007070296627387241,0.9752133279154815,5.851279967492889e-4,0.0029906542056074765,0.006119463632669646,5.688744412840309e-5\nMister Trash Wheel,0.014983706528914363,0.02242316921110261,0.943030480840764,4.819933568741683e-4,0.007041294256944372,0.01198696522313149,5.239058226893134e-5\nMister Trash Wheel,0.015386436264646704,0.01842990717413726,0.946857616285951,5.410614950205435e-4,0.007033799435267065,0.011700454829819252,5.072451515817595e-5\nMister Trash Wheel,0.02875017065394592,0.03461263561969467,0.8994466796765205,4.657848876896266e-4,0.012463761132660355,0.024212783385934904,4.818464355409931e-5\nMister Trash Wheel,0.02259525311390832,0.02626698174491842,0.9226395021512563,4.613197510756282e-4,0.00926405377670241,0.01871640132935406,5.64881327847708e-5\nMister Trash Wheel,0.009950544309625295,0.01284659825048639,0.9653513136203644,5.569334501655949e-4,0.0033267491423224866,0.007915880771686989,5.1980455348788854e-5\nMister Trash Wheel,0.006575381416550413,0.007721630339165282,0.9774215619196559,3.376547213904266e-4,0.0030566637936396512,0.004833793906220844,5.331390337743578e-5\nMister Trash Wheel,0.006965320038125962,0.008358384045751155,0.9751448053376347,3.299362123322824e-4,0.0038125962313952638,0.005330302808123763,5.865532663685021e-5\nMister Trash Wheel,0.005009025697246926,0.0059541248854067235,0.9829031556861892,5.481575291326825e-4,0.002117022181477946,0.0034118080692568686,5.670595128958784e-5\nMister Trash Wheel,0.008183704685170932,0.007404304238964177,0.9742505577584443,6.040353458102354e-4,0.0033514219186890483,0.006147521019455784,5.845503346550666e-5\nMister Trash Wheel,0.010673971567562461,0.01275208992584896,0.9634912388419213,6.045435224106173e-4,0.004080668776271667,0.008340811410758986,5.667595522599537e-5\nMister Trash Wheel,0.01465450223838586,0.019032981565708464,0.9471812422371348,5.003976374082977e-4,0.006719625416625711,0.011857636872157339,5.361403257946046e-5\nMister Trash Wheel,0.014393398228012751,0.017272077873615302,0.9488981054023221,5.011034938641476e-4,0.007420596419775463,0.011461409700084227,5.3308882325973153e-5\nMister Trash Wheel,0.01441859647271896,0.01723198115032266,0.9495173286912486,5.714687626382515e-4,0.006541119375428601,0.011666754584937843,5.2750962705069364e-5\nMister Trash Wheel,0.015282685512367491,0.018551236749116608,0.9452296819787986,5.565371024734982e-4,0.007915194346289752,0.01241166077738516,5.3003533568904595e-5\nMister Trash Wheel,0.039151027057563834,0.04296102633497777,0.8671032838252393,5.189481774408629e-4,0.01681654853479252,0.03340318332008592,4.5982749899823297e-05\nMister Trash Wheel,0.01811957247828991,0.021877087508350032,0.9352037408149633,2.672010688042752e-4,0.009552438209752838,0.014929859719438878,5.01002004008016e-5\nMister Trash Wheel,0.01588922002864999,0.018194391846277972,0.9467669965257768,4.3633609405101015e-4,0.005664136466171603,0.01299952250012349,4.939653894917096e-5\nMister Trash Wheel,0.02929893150459169,0.03515871780551003,0.8972797773281206,2.288979023796226e-4,0.013404261163350698,0.02457447879947628,5.493549657110942e-5\nMister Trash Wheel,0.02662803825916537,0.03237969452314509,0.9053533008116226,1.9172187546599067e-4,0.013292716698975353,0.022101271755107257,5.325607651833074e-5\nMister Trash Wheel,0.01712959257184023,0.016409189145921717,0.9445289362042744,5.443048106939886e-4,0.007236052189225966,0.01410389818298247,4.8026895061234294e-5\nMister Trash Wheel,0.012685614668617501,0.015176042088223391,0.957258039411014,5.836939264701305e-4,0.003984683871369424,0.010257447934501758,5.447809980387884e-5\nMister Trash Wheel,0.023679879258637626,0.028363811419686826,0.9172700482054685,5.334478294528257e-4,0.010148519682273269,0.019952249913802636,5.204369067832445e-5\nMister Trash Wheel,0.011343264639157268,0.014833499912744118,0.9598147002363842,4.99738232354481e-4,0.004378658797772595,0.009074611711325814,5.5526470261609e-5\nMister Trash Wheel,0.016227758007117437,0.022206405693950177,0.9110320284697508,5.97864768683274e-4,0.008825622775800712,0.04099644128113879,1.1387900355871886e-4\nMister Trash Wheel,0.014877400918059615,0.011282029029528542,0.9608321426246834,3.4094043770553287e-4,0.005826982026240016,0.006818808754110657,2.169620967217027e-5\nMister Trash Wheel,0.026335950967247654,0.04117985060333269,0.8619038498371959,5.267190193449531e-4,0.02011108982953457,0.04979888910170466,1.4365064163953265e-4\nMister Trash Wheel,0.018631267258874804,0.023954486475696177,0.9315633629437402,3.493362611039026e-4,0.009981036031540073,0.015470605848887115,4.990518015770037e-5\nMister Trash Wheel,0.043665411199867554,0.05008070857994288,0.8691693224618187,3.931956458755846e-4,0.014486155374363643,0.022143123215098714,6.208352303298705e-5\nMister Trash Wheel,0.01617487348938235,0.019063243755343486,0.9242784851075629,2.0796265914920165e-4,0.01675254754257458,0.02345356655960441,6.932088638306721e-5\nMister Trash Wheel,0.032682768531825133,0.03488479903574243,0.9039914700292059,8.112743961800565e-5,0.011473737888832228,0.016804969635158314,8.112743961800565e-5\nMister Trash Wheel,0.021772012650685246,0.025668057019755237,0.9281752761607921,2.520969885868818e-4,0.009625521382408214,0.014438282073612321,6.875372416005867e-5\nMister Trash Wheel,0.03488249854258054,0.0370805737932089,0.8983437980828961,4.8739929470455e-4,0.011563787188088344,0.017584602005026904,5.734109349465294e-5\nMister Trash Wheel,0.027998821102269377,0.0618921308576481,0.8104921898025347,6.63129973474801e-4,0.03536693191865606,0.06336575302092544,2.2104332449160034e-4\nMister Trash Wheel,0.023371038608955782,0.051042348321959426,0.8600542208095727,5.235112648406096e-4,0.021127418902496028,0.043750584275965225,1.308778162101524e-4\nMister Trash Wheel,0.021874223216505097,0.0457370121799652,0.8699975142928164,3.479990057171265e-4,0.018145662440964456,0.043748446433010194,1.4914243102162565e-4\nMister Trash Wheel,0.029891394599621375,0.06592713142249826,0.8635291773223953,5.314025706599356e-4,0.009299544986548872,0.030721711116277525,9.963798199873792e-5\nMister Trash Wheel,0.03036684029701873,0.06959991133769257,0.8422919206472348,6.206361520558572e-4,0.02105729801618087,0.035908234511803166,1.551590380139643e-4\nMister Trash Wheel,0.02110514198004605,0.05564082885648503,0.8442056792018419,0.0013046815042210285,0.0283960092095165,0.04911742133537989,2.3023791250959325e-4\nMister Trash Wheel,0.020794073688998636,0.05425953603223081,0.8447592436155695,0.0013646110858405354,0.028591851322373123,0.05003573981415296,1.9494444083436221e-4\nMister Trash Wheel,0.030488606197597707,0.059137382710857625,0.8147817173495939,0.0015769968722895366,0.029437274949404683,0.06439403895182275,1.8398296843377928e-4\nMister Trash Wheel,0.04098895647860481,0.06265827741952328,0.861551314518445,9.659817768843172e-4,0.009920893924757852,0.02375793018823591,1.566456935488082e-4\nMister Trash Wheel,0.03983234743319164,0.0787729258939984,0.8323177075592283,0.0013673790909901609,0.01278202193751672,0.03477898992301061,1.4862816206414792e-4\nMister Trash Wheel,0.06366397131462442,0.0823241008378764,0.8049467637481248,0.0013903625919285793,0.011708316563609088,0.03585671947605283,1.097654677838352e-4\nMister Trash Wheel,0.08818829891838742,0.09955752212389381,0.7681907571288102,7.989183874139626e-4,0.016592920353982302,0.02642576204523107,2.458210422812193e-4\nMister Trash Wheel,0.07360226468506724,0.12809624911535739,0.754895022410946,0.0012738853503184713,0.01533380514272234,0.02642132578438311,3.7744751120547297e-4\nMister Trash Wheel,0.07886301097841196,0.1412725880116876,0.7375677285750759,0.0013332955093472525,0.013332955093472525,0.027233269978156647,3.971518538481178e-4\nMister Trash Wheel,0.06835728890109555,0.0720192865207971,0.8239494644328481,0.0014037657542189264,0.008239494644328481,0.02563398333791083,3.9671640880100095e-4\nMister Trash Wheel,0.06439719177736249,0.08636799838375675,0.8081216223041567,8.081216223041567e-4,0.008081216223041568,0.031819788878226174,4.0406081115207837e-4\nMister Trash Wheel,0.0660377358490566,0.08265947888589398,0.8086253369272237,9.883198562443845e-4,0.01078167115902965,0.030548068283917342,3.5938903863432165e-4\nMister Trash Wheel,0.04578517889450947,0.06018535612746003,0.8492412214304176,6.646235645977181e-4,0.015877118487612155,0.02806188383857032,1.846176568326995e-4\nMister Trash Wheel,0.05098873813957613,0.06296000709408531,0.8424226301321274,7.094085306375809e-4,0.01640507227099406,0.026159439567260797,3.5470426531879044e-4\nMister Trash Wheel,0.11401824291886702,0.12642022723635782,0.7201152184349496,6.00096015362458e-4,0.014002240358457353,0.024403904624739958,4.4007041126580253e-4\nMister Trash Wheel,0.03758956889463174,0.05011942519284232,0.8614276205019774,8.614276205019774e-4,0.01762011041935863,0.03210775676416461,2.7409060652335644e-4\nMister Trash Wheel,0.04146213601486918,0.05432969546775961,0.8578372968593624,8.101796692560645e-4,0.01572701710908831,0.029547729114044703,2.8594576561978747e-4\nMister Trash Wheel,0.05107875276358924,0.08195471525501258,0.8386063886559427,6.098955553861401e-4,0.007242509720210414,0.020202790272165892,3.0494777769307006e-4\nMister Trash Wheel,0.055758141112618724,0.07377883310719131,0.8056309362279511,7.632293080054274e-4,0.02628900949796472,0.03731343283582089,4.664179104477612e-4\nMister Trash Wheel,0.0300901076737907,0.05318629842880843,0.8783058456133502,7.156566149442113e-4,0.015776975374906476,0.02146969844832634,4.55417845873589e-4\nMister Trash Wheel,0.05014440880982334,0.06697733756223755,0.850505873806191,4.961284263869447e-4,0.011517267041125503,0.020022325779187413,3.3665857504828393e-4\nMister Trash Wheel,0.0452088962793598,0.06833298690500936,0.8314279775514446,4.157139887757223e-4,0.021305341924755767,0.032477655373103306,8.314279775514446e-4\nMister Trash Wheel,0.060191399991339364,0.07036764387476725,0.8011085610358117,6.928506473823237e-4,0.02468280431299528,0.042437102152167325,5.196379855367427e-4\nMister Trash Wheel,0.020146461577819706,0.02926033705350005,0.8953982923475424,8.953982923475425e-4,0.01966678392120495,0.03421700617185251,4.1572063573278755e-4\nMister Trash Wheel,0.040810631692769196,0.0603439254944365,0.8371411629285989,7.32498517562524e-4,0.02825351424884021,0.032090411245596286,6.278558721964492e-4\nMister Trash Wheel,0.07391016721034742,0.09945936081392431,0.7527887401053904,5.24670940073454e-4,0.03262084540456692,0.04014873280562082,5.474827200766476e-4\nMister Trash Wheel,0.024110600969553954,0.03129248210942109,0.8977351424833919,4.6169235899145867e-4,0.021545643419601405,0.024623592479544463,2.3084617949572933e-4\nMister Trash Wheel,0.02024785323965652,0.028054254488680718,0.902615144418423,6.342701014832163e-4,0.022443403590944575,0.025614754098360656,3.9032006245121e-4\nMister Trash Wheel,0.026041666666666668,0.032280815972222224,0.8951822916666666,5.967881944444445e-4,0.019802517361111112,0.025499131944444444,5.967881944444445e-4\nMister Trash Wheel,0.024348604852928828,0.02910637821499538,0.8955808681537041,6.71685651115278e-4,0.022949259746438667,0.026867426044611124,4.7577733620665527e-4\nMister Trash Wheel,0.024084400115186262,0.033770517552815515,0.8900756564307967,6.806460902117857e-4,0.024346187072960025,0.0267022696929239,3.4032304510589283e-4\nMister Trash Wheel,0.026119316737165707,0.03166678223886462,0.8783487044356609,6.703187481219518e-4,0.029355338279823406,0.03351593740609759,3.2360215426576985e-4\nMister Trash Wheel,0.025167386865473193,0.029678522247020278,0.8784842585118002,6.410560805356379e-4,0.031815375848805734,0.03371480127261504,4.985991737499406e-4\nMister Trash Wheel,0.0193849216744381,0.024362131293550585,0.8906585634201288,4.977209619112485e-4,0.029601299313668988,0.035102425734793316,3.929376015088804e-4\nMister Trash Wheel,0.023747625237476252,0.030496950304969503,0.8749125087491251,5.249475052494751e-4,0.03424657534246575,0.03574642535746425,3.24967503249675e-4\nMister Trash Wheel,0.030499328754089387,0.04236017882512415,0.847203576502483,5.865255529632574e-4,0.03558255021310428,0.04353322993105066,2.3461022118530296e-4\nMister Trash Wheel,0.03176764238711141,0.04084411164057182,0.859876034538354,4.4188073997109863e-4,0.02902081616566945,0.03785843096509142,1.9108356323074534e-4\nMister Trash Wheel,0.03083873751538764,0.03959541606913969,0.8629770168915061,4.4417934692945164e-4,0.030077287206365724,0.0357881645240301,2.791984466413696e-4\nMister Trash Wheel,0.029172224571905738,0.03654661591350273,0.8892648382514017,3.144961013328128e-4,0.020713363915368016,0.023641431065707996,3.470301807810348e-4\nMister Trash Wheel,0.02951209229236135,0.03411137940285922,0.8623663332183512,4.5992871104978727e-4,0.03506956421754628,0.03813575562454486,3.4494653328734045e-4\nMister Trash Wheel,0.028722320022236635,0.03358658389697026,0.857036968405448,7.180580005559159e-4,0.03821921615862133,0.04123042712869453,4.8642638747336235e-4\nMister Trash Wheel,0.036287773422683016,0.04501201163231761,0.8597799974712353,4.5517764572006576e-4,0.027057782273359463,0.030977367555948918,4.298899987356177e-4\nMister Trash Wheel,0.02888469700542325,0.03819853808064136,0.8724357462862532,4.833765621315727e-4,0.02735203961329875,0.032421598679556705,2.240037726951191e-4\nMister Trash Wheel,0.04141020999275887,0.05068790731354091,0.8146270818247646,6.335988414192614e-4,0.03688450398262129,0.05543989862418537,3.167994207096307e-4\nMister Trash Wheel,0.025562150686712016,0.03379402972141588,0.8881764221654175,3.466054330401629e-4,0.019929812399809368,0.03195268835839002,2.38291235215112e-4\nMister Trash Wheel,0.03371905893171891,0.044958745242291875,0.8685212149079112,3.576263826091399e-4,0.018647661378905153,0.033591335223644214,2.0435793291950853e-4\nMister Trash Wheel,0.0375979665325143,0.04448210124973523,0.8605168396526159,5.4278754501165e-4,0.022373437830968016,0.03415589917390383,3.3096801525100614e-4\nMister Trash Wheel,0.030444559764746585,0.03597993426742778,0.8764342962578562,4.382171481289281e-4,0.02456322435564781,0.031828403390416884,3.1136481577581735e-4\nMister Trash Wheel,0.032773234835706815,0.04537011337190683,0.875376305057967,2.775583406281359e-4,0.01889531780430002,0.027115314815210196,1.9215577428101716e-4\nMister Trash Wheel,0.03243205943577417,0.043012731308438086,0.8625547722280364,3.565226391875884e-4,0.027601752711297167,0.03381214707133903,2.300146059274764e-4\nMister Trash Wheel,0.033620722590833256,0.0413891471288667,0.8659883091578263,3.311131770309336e-4,0.02368732727990525,0.03476688358824803,2.1649707728945658e-4\nMister Trash Wheel,0.02313891326896992,0.02606452299263278,0.9042793691321578,3.4575387643288386e-4,0.01994733902497407,0.024734700390967843,0.0014894013138647304\nMister Trash Wheel,0.04108819926500613,0.044150673744385464,0.8549407921600654,4.593711719069008e-4,0.027689873417721517,0.03126276031033075,4.083299305839118e-4\nMister Trash Wheel,0.03557759689504609,0.03935097838391462,0.8624871974556627,3.7733814888685246e-4,0.028749573248522092,0.0330620092358004,3.953066321671788e-4\nMister Trash Wheel,0.09007029876977153,0.11862917398945519,0.6590509666080844,0.0035149384885764497,0.05492091388400703,0.07249560632688928,0.0013181019332161687\nMister Trash Wheel,0.01863118977613461,0.022706762539664055,0.9315594888067306,5.240022124537859e-4,0.010188931908823615,0.016302291054117783,8.733370207563099e-5\nMister Trash Wheel,0.04197287906275945,0.04827649826266105,0.8302327726699671,6.918606438916392e-4,0.03736047477014852,0.04120414501399096,2.6136957658128593e-4\nMister Trash Wheel,0.04255585455910883,0.049126979160147695,0.8135678077476688,7.822767382189124e-4,0.04443331873083422,0.049126979160147695,4.067839038738344e-4\nMister Trash Wheel,0.027203092562101797,0.03686734913021691,0.8590450282768989,5.726966855179326e-4,0.027918963418999212,0.04796334741212685,4.295225141384494e-4\nMister Trash Wheel,0.024539877300613498,0.02889372649910944,0.9103502869582426,8.509796160696616e-4,0.01701959232139323,0.018207005739164853,1.3853156540668908e-4\nMister Trash Wheel,0.023205894297151475,0.026686778441724197,0.9282357718860591,7.54191564657423e-4,0.007831989325288623,0.013053315542147706,2.3205894297151478e-4\nMister Trash Wheel,0.04814253222137983,0.05269143290371493,0.796057619408643,0.001023502653525398,0.04226686884003033,0.05951478392721759,3.0326004548900684e-4\nMister Trash Wheel,0.04935582537769951,0.05931967744925387,0.787839466122903,9.96385207155436e-4,0.04564834553712114,0.056307350078783944,5.329502270831402e-4\nMister Trash Wheel,0.057004995943464705,0.06020752380545711,0.7686066868781758,7.472565011315598e-4,0.05230795507920919,0.06042102566292327,7.045561296383278e-4\nMister Trash Wheel,0.05035821825355623,0.05788599314712906,0.7268196448966878,0.0012200186896480117,0.07683521960336413,0.08618004360917869,7.008618004360918e-4\nMister Trash Wheel,0.07033227068064547,0.08446445591086864,0.6244453938935813,0.0020376639169158973,0.10188319584579485,0.11634403654648831,4.92983205705459e-4\nMister Trash Wheel,0.05976156355764247,0.07134798914534866,0.6403024666890265,0.0017074732445040706,0.10061895905113273,0.12562124584565662,6.403024666890264e-4\nMister Trash Wheel,0.04007722196427262,0.05254026050194277,0.7819945749126366,7.819945749126365e-4,0.059382713032428334,0.06500329903961291,2.1993597419417904e-4\nMister Trash Wheel,0.042451639551159964,0.061268041946809244,0.7572454622639344,8.260859588333831e-4,0.06356272516579087,0.07434773629500448,2.9830881846761053e-4\nMister Trash Wheel,0.07021390057474669,0.09598862357053979,0.7110268412632577,0.001244296972210701,0.0542157966463234,0.0666587663684304,6.517746044913196e-4\nMister Trash Wheel,0.04807692307692308,0.06270903010033445,0.7791121921556704,8.931286105199149e-4,0.041615992702949224,0.06726968683490422,3.230465186986926e-4\nMister Trash Wheel,0.0769687880245621,0.10441721610685079,0.6508390163841649,6.225416678457228e-4,0.0713093183168737,0.09507909108916494,7.640284105379326e-4\nMister Trash Wheel,0.046796031696512135,0.06613839146440381,0.7695347434537552,0.0013102888875023398,0.056987167488197,0.059066991119153096,1.663858904764876e-4\nMister Trash Wheel,0.08221055035396209,0.10555428687422293,0.7104615462688082,0.0013701758392327015,0.034508132247342116,0.06546395676334019,4.313516530917764e-4\nMister Trash Wheel,0.09728269856142865,0.12732183211155818,0.6614121148652373,0.001708647963401863,0.05098385052086204,0.0609050322438406,3.8582373367138844e-4\nMister Trash Wheel,0.05559911611661558,0.09195238434671038,0.7365694870149928,0.0010929740775061183,0.05060945184973983,0.06367762016774776,4.989664266875758e-4\nMister Trash Wheel,0.06564551422319474,0.0971340129156215,0.7204995463521375,0.001014036398569675,0.051235523296152,0.06377755243635587,6.93814377968725e-4\nMister Trash Wheel,0.04390851300871617,0.055049478996002356,0.7864211285143194,7.208860344714594e-4,0.050134346942787865,0.06356904122157415,1.9660528212857986e-4\nMister Trash Wheel,0.03637616786644203,0.042885587379384284,0.8041047633634554,0.0012253024965538366,0.05245826313371114,0.06279675294838413,1.5316281206922958e-4\nMister Trash Wheel,0.047617023085753156,0.06696143871434038,0.7652735853067472,9.77849581225288e-4,0.05208111900004252,0.06674886271842184,3.401215934696654e-4\nMister Trash Wheel,0.07749377509019767,0.08308349001473653,0.7368260582346664,6.097870826769653e-4,0.044209563494079986,0.057167539000965495,6.097870826769653e-4\nMister Trash Wheel,0.06257197696737044,0.06986564299424185,0.690978886756238,0.0014203454894433781,0.08253358925143954,0.09174664107485604,8.829174664107486e-4\nMister Trash Wheel,0.04589975820663088,0.05983361337650096,0.6966927584935043,0.001762222859718864,0.09302897422236793,0.10204499815581329,7.376746854637105e-4\nMister Trash Wheel,0.05635799136069115,0.061420086393088554,0.7593142548596112,8.099352051835853e-4,0.05821409287257019,0.06310745140388768,7.761879049676026e-4\nMister Trash Wheel,0.062149752972189734,0.06529215621235662,0.7506852184843141,9.25263176271364e-4,0.05795988198530053,0.06232433092997678,6.633962395907893e-4\nMister Trash Wheel,0.0481786133960047,0.06169212690951821,0.7442224833529182,9.009009009009009e-4,0.06933019976498238,0.07520564042303172,4.700352526439483e-4\nMister Trash Wheel,0.062435300207039336,0.06858178053830227,0.7602225672877847,2.911490683229814e-4,0.051759834368530024,0.056127070393374744,5.822981366459627e-4\nMister Trash Wheel,0.04847738972519473,0.054630866439538336,0.7804409491362619,4.0522895435921296e-4,0.056281799216557356,0.05913341037686293,6.303561512254424e-4\nMister Trash Wheel,0.0636392871045817,0.07024017060745054,0.7616404041771745,6.770136926019329e-4,0.04806797217473723,0.05534586937020801,3.892828732461114e-4\nMister Trash Wheel,0.05626226872961652,0.054407468661607186,0.8037466961373788,5.100700187025673e-4,0.03910536810053016,0.04544260166622873,5.255266859359785e-4\nMister Trash Wheel,0.06219765031098825,0.0679321854460439,0.7793086209178197,4.999338322869032e-4,0.040097634136658386,0.04940522577894102,5.587495772618329e-4\nMister Trash Wheel,0.06095283371251995,0.06519746001562023,0.7979897449828517,7.130972189208462e-4,0.029882169173825936,0.0448232537607389,4.414411355224286e-4\nMister Trash Wheel,0.05486525738260448,0.060439802250355744,0.8215118752475538,9.535405694837678e-4,0.024645356257426615,0.03711473293529127,4.694353572843165e-4\nMister Trash Wheel,0.08372204281784476,0.09229358529681457,0.7574851493043097,0.0010564924450823267,0.02950205318343101,0.03508352270462066,8.57154247896982e-4\nMister Trash Wheel,0.07318467695826186,0.07604345340194396,0.7813988946064417,6.098723079855156e-4,0.029350104821802937,0.03868877453783114,7.242233657327997e-4\nMister Trash Wheel,0.07590828185530311,0.07189474051582731,0.785258088158308,7.329075489477542e-4,0.0284437929710676,0.03734338463686176,4.1880431368443097e-4\nMister Trash Wheel,0.062046597621547094,0.058286197765695755,0.8147533021011234,5.953966438431286e-4,0.029299782210175016,0.034470332011970604,5.483916456449869e-4\nMister Trash Wheel,0.06984533046097918,0.0668158944409849,0.8078496053318074,6.900382045542521e-4,0.02575020616995136,0.028611340188834846,4.3758520288806235e-4\nMister Trash Wheel,0.062349380709521944,0.060387827159110015,0.8126436137420837,6.024771619122345e-4,0.029843636159838594,0.033766743260662445,4.0632180687104184e-4\nMister Trash Wheel,0.06261423478528384,0.06912901065889719,0.7781537849038166,6.876707866591867e-4,0.040536383213594165,0.04831792106263233,5.60994589116705e-4\nMister Trash Wheel,0.04587082132912717,0.050216478086623426,0.8369413014437237,8.530363264714877e-4,0.03106339830358436,0.03460430380969243,4.506607007773897e-4\nMister Trash Wheel,0.04600255856926874,0.048845413312313436,0.8399343558995697,4.264282114567046e-4,0.03178828485404525,0.032563608874875624,4.393502784705441e-4\nMister Trash Wheel,0.0625,0.06598062953995157,0.7869249394673123,8.171912832929783e-4,0.03949757869249395,0.043886198547215496,3.934624697336562e-4\nMister Trash Wheel,0.06283221631615438,0.06644326323087589,0.7944303212387336,4.911023804021262e-4,0.035099376011093135,0.04015484169170326,5.488791310376705e-4\nMister Trash Wheel,0.05576372330090963,0.06118870090710672,0.8200547544251416,6.055788955754892e-4,0.029521971159305098,0.03254986563718255,3.154056747789006e-4\nMister Trash Wheel,0.0490772102025299,0.05161171401580609,0.8064330314969701,0.001036842469067533,0.04216492707541301,0.049307619640100456,3.686551001129006e-4\nMister Trash Wheel,0.05971677188193141,0.060935481512174906,0.7799741633558388,8.043483559607088e-4,0.04752967557949643,0.05045457869208082,5.849806225168791e-4\nMister Trash Wheel,0.0974039723880913,0.09570999025960276,0.6775928513954178,0.001185787489941981,0.05759539236861051,0.06987676280015245,6.352432981832042e-4\nMister Trash Wheel,0.0636544345922766,0.06968485471154491,0.7593862372411945,9.380653518861814e-4,0.04690326759430907,0.05874075893953946,6.923815692493244e-4\nMister Trash Wheel,0.05421055873837245,0.05954947740200004,0.7803034969917246,7.597691944393109e-4,0.04805026797264831,0.05667467504466211,4.5175465615310376e-4\nMister Trash Wheel,0.05949765670767428,0.06535588752196836,0.7688927943760984,0.0010251903925014645,0.049428822495606324,0.05528705330990041,5.125951962507323e-4\nMister Trash Wheel,0.039968404423380725,0.04328593996840442,0.8214849921011058,6.003159557661928e-4,0.04439178515007899,0.04976303317535545,5.055292259083729e-4\nMister Trash Wheel,0.05741903502974224,0.05452742894910773,0.7848645076007931,4.3374091209517516e-4,0.043993721083939195,0.0584517514871117,3.0981493721083937e-4\nMister Trash Wheel,0.07860011474469306,0.0963855421686747,0.6884681583476764,9.179575444635686e-4,0.0633964429145152,0.07142857142857142,8.032128514056225e-4\nMister Trash Wheel,0.07876467108745058,0.10771769247532767,0.653777902306902,0.0011830266803648703,0.07160424644313688,0.08592509573176427,0.0010273652750537033\nMister Trash Wheel,0.05110741820361239,0.10869861334350396,0.7519001825264936,2.724276023646716e-4,0.033781022693219274,0.05394066526820498,2.9967036260113877e-4\nMister Trash Wheel,0.07838408200180887,0.10551703346397347,0.6364519478779352,0.0015408836632834222,0.08273875322413157,0.09412789334405253,0.0012394064248149265\nMister Trash Wheel,0.05501618122977346,0.10684515053447093,0.6619593998234775,0.0015690889477297245,0.08335785034814161,0.09071295479062469,5.393743257820927e-4\nMister Trash Wheel,0.06345961370557295,0.09497646883451522,0.7666262058391363,3.8331310291956814e-4,0.04003492408271045,0.034285227538916926,2.3424689622862497e-4\nMister Trash Wheel,0.10790245119441152,0.1821243684899894,0.4989708725753134,0.0013097985405101976,0.10166531528722011,0.10696688080833282,0.001060313104222541\nMister Trash Wheel,0.049838836371516024,0.12893090278718275,0.6229854546439503,0.0011647119369430374,0.09398954467889163,0.10292803163682657,1.6251794468972615e-4\nMister Trash Wheel,0.029672943075949643,0.08400061091353392,0.7418235768987411,8.509152793838501e-4,0.051054916763031005,0.09207339689743198,5.236401719285231e-4\nMister Trash Wheel,0.05082592121982211,0.07813133634323718,0.7029116764443483,0.0015950688042390981,0.05677363540512044,0.10922166049366028,5.407012895725756e-4\nMister Trash Wheel,0.05473599893198051,0.060966112631555526,0.7120129942371448,0.0010680194913557173,0.07231381972721002,0.09856929888970474,3.3375609104866166e-4\nMister Trash Wheel,0.05705917996364371,0.0701878408402343,0.7069278933548778,9.089072914562715e-4,0.07246010906887497,0.09190062613613412,5.554433447788325e-4\nMister Trash Wheel,0.07005890766284453,0.05963491794138324,0.7272550968461371,5.333204043538338e-4,0.06327119342561392,0.07878596882499818,4.6059489466922015e-4\nMister Trash Wheel,0.09092840450393032,0.07945612916932229,0.6373486297004461,9.772678988740175e-4,0.08667941363926067,0.1041002761844062,5.098789037603569e-4\nMister Trash Wheel,0.07536214884757492,0.0859187144449006,0.6744472464958067,8.210662131253298e-4,0.07770805231364729,0.0853322385783825,4.105331065626649e-4\nMister Trash Wheel,0.09015810978859477,0.10392609699769054,0.6217800675075502,7.994315153668503e-4,0.08704920945105703,0.09548765322437378,7.994315153668503e-4\nMister Trash Wheel,0.09731627790318535,0.10885377476799599,0.6019563581640331,7.524454477050414e-4,0.09129671432154503,0.09932279909706546,5.016302984700275e-4\nMister Trash Wheel,0.09796217717009796,0.10686782964010687,0.5762481010005762,6.810204830006811e-4,0.10215307245010215,0.11577348211011577,3.143171460003143e-4\nMister Trash Wheel,0.08767523631216037,0.09726471528380291,0.5936344125302525,9.58947897164254e-4,0.10183113384172793,0.118270240650258,3.653134846340015e-4\nMister Trash Wheel,0.08767523631216037,0.09726471528380291,0.5936344125302525,9.58947897164254e-4,0.10183113384172793,0.118270240650258,3.653134846340015e-4\nMister Trash Wheel,0.22432350870133788,0.25550749421587365,0.20118700331958556,0.0016094960265566843,0.14887838245649332,0.16799114777185395,5.029675082989639e-4\nMister Trash Wheel,0.11740745177908231,0.13417994489037977,0.3594105666706601,0.0016772493111297472,0.17970528333533006,0.20726009344674734,3.594105666706601e-4\nMister Trash Wheel,0.1087866108786611,0.1205020920502092,0.33472803347280333,0.0016736401673640166,0.1907949790794979,0.24267782426778242,8.368200836820083e-4\nMister Trash Wheel,0.06262743955723857,0.08156131663268279,0.5825808330905913,0.0013108068744538304,0.12671133119720362,0.14418875618992136,0.001019516457908535\nMister Trash Wheel,0.08803611738148984,0.1038374717832957,0.45146726862302483,0.0018058690744920992,0.16252821670428894,0.19187358916478556,4.514672686230248e-4\nMister Trash Wheel,0.0797007156798959,0.08295380611581002,0.48796356538711777,0.0017891997397527651,0.16590761223162004,0.18054651919323358,0.0011385816525699415\nMister Trash Wheel,0.04671857619577308,0.07563959955506118,0.44493882091212456,0.0026696329254727474,0.19799777530589543,0.23136818687430477,6.674082313681868e-4\nMister Trash Wheel,0.10668698799771385,0.12764336064012194,0.3810249571346923,0.0028576871785101926,0.17527148028195846,0.20575347685273385,7.620499142693847e-4\nMister Trash Wheel,0.08323003364618381,0.09916769966353817,0.5312555339118116,0.0021250221356472463,0.138126438817071,0.14520984593589517,8.854258898530193e-4\nMister Trash Wheel,0.08340461933276304,0.0962360992301112,0.42771599657827203,0.001710863986313088,0.1775021385799829,0.21171941830624466,0.001710863986313088\nMister Trash Wheel,0.12368916375369723,0.1667114815810702,0.26888948642108096,0.0024200053777897286,0.21242269427265395,0.22317827372949717,0.0026888948642108095\nMister Trash Wheel,0.09334272631208172,0.11799929552659387,0.3522367030644593,0.0022895385699189855,0.1972525537160972,0.23599859105318774,8.805917576611482e-4\nMister Trash Wheel,0.11920186576833376,0.13734128012438457,0.2591344908007256,0.003109613889608707,0.212490282456595,0.26690852552474736,0.001813941435605079\nMister Trash Wheel,0.07547169811320754,0.11320754716981132,0.4439511653718091,0.0022197558268590455,0.16204217536071033,0.20199778024417314,0.0011098779134295228\nMister Trash Wheel,0.09881965413121054,0.13450452923414769,0.2744990392533626,0.0041174855888004395,0.22508921218775735,0.26077408729069446,0.0021959923140269007\nMister Trash Wheel,0.11528685548293391,0.10575526506899056,0.5446623093681917,0.0014524328249818446,0.11120188816267247,0.12118736383442266,4.5388525780682646e-4\nMister Trash Wheel,0.0982136746287044,0.1074532886181644,0.5475326808568887,7.186366436246663e-4,0.11840394223530216,0.1273013482992266,0.00037642871808911095\nMister Trash Wheel,0.08503985051290852,0.10753918315982153,0.5338824695877664,7.245547801548259e-4,0.12393700186858865,0.14834305762117225,5.338824695877664e-4\nMister Trash Wheel,0.09038238702201622,0.09772112784859019,0.5793742757821553,6.952491309385864e-4,0.11162611046736191,0.11973735032831209,4.634994206257242e-4\nMister Trash Wheel,0.08715190304350787,0.08272622046707973,0.6127868182746646,5.446993940219242e-4,0.1062163818342752,0.11030162728943964,2.723496970109621e-4\nMister Trash Wheel,0.0794108663929141,0.07635660230087894,0.6447890860963111,7.465978891641497e-4,0.09603963756066108,0.10248752842162419,1.6968133844639767e-4\nMister Trash Wheel,0.09943865276663993,0.09302325581395349,0.5613472333600642,8.420208500400962e-4,0.11988773055332799,0.12510024057738572,3.6086607858861267e-4\nMister Trash Wheel,0.10504114800876721,0.099665026260287,0.6203217402092552,6.616765228898722e-4,0.08188246970762168,0.09222116537777594,2.0677391340308507e-4\nMister Trash Wheel,0.10581634827071941,0.10049002201548185,0.6036503089269228,6.391591506285065e-4,0.09196790000710177,0.09693913784532349,4.971237838221717e-4\nMister Trash Wheel,0.09457296668121636,0.08671613560308454,0.6110868616324749,6.692856103593772e-4,0.1006838352975411,0.10592172268296232,3.4919249236141424e-4\nMister Trash Wheel,0.08758588136571038,0.08181675145539413,0.6818062621282844,4.195730843866366e-4,0.06922955892379504,0.078932186500236,2.097865421933183e-4\nMister Trash Wheel,0.10304432713862173,0.09255911490346373,0.6146503724058139,7.59273989442476e-4,0.087858847349772215,0.1008749728830718,2.5309132981415867e-4\nMister Trash Wheel,0.09087830209979679,0.08862045608489501,0.6491307292842629,6.773538044705351e-4,0.08100022578460149,0.08918491758862046,5.080153533529013e-4\nMister Trash Wheel,0.09593961715091165,0.08730050470604284,0.636566180148229,0.0014550084117673804,0.08093484290456054,0.09730368753694357,5.001591415450371e-4\nMister Trash Wheel,0.08057787731085057,0.07113687261230404,0.7025863961709041,7.464980459315856e-4,0.06630659113862908,0.07816273657401308,4.830281473674966e-4\nMister Trash Wheel,0.12690466780836956,0.11900057085144689,0.4830281473674966,8.782329952136302e-4,0.12690466780836956,0.1427128617222149,5.708514468888596e-4\nMister Trash Wheel,0.10136777060334652,0.0867874748316323,0.6248698187877526,8.331597583836701e-4,0.07776157744914254,0.106922168992571,0.0014580295771714226\nMister Trash Wheel,0.10675101314618958,0.10279727191855292,0.5930611841454977,8.895917762182465e-4,0.09159500510691575,0.10444466409673486,4.6126980989094266e-4\nMister Trash Wheel,0.08904247805468671,0.08172737362526486,0.655836948844718,6.306124508122288e-4,0.08197961860558975,0.09055594793663606,2.270204822924024e-4\nMister Trash Wheel,0.09430416510062528,0.08542043940274029,0.6491953394608262,0.0010592134485939795,0.07619503194724433,0.09362080158540335,2.0500905456657668e-4\nMister Trash Wheel,0.08940625843809066,0.0822057544028082,0.6600462032342264,8.400588041162882e-4,0.07920554438810717,0.08790615343074015,0.00039002730191113377\nMister Trash Wheel,0.06444426764261278,0.053305752247593284,0.7160474182512531,9.547298910016707e-4,0.07717399952263505,0.08778210942265362,2.9172302225051054e-4\nMister Trash Wheel,0.09209233791748526,0.08533889980353634,0.7367387033398821,0.0025785854616895876,0.03683693516699411,0.04604616895874263,3.6836935166994106e-4\nMister T